# DTM2020_coeffs_init (research, F30/ap60) -- exported by refgen/atmos_drag_coeffs.m (%.17g)
# 96 rows (term index 1..96), 9 columns: tt h he o az2 o2 az t0 tp
1021.67 176100 23578100 54199000000 248975000000 23486700000 0 380 16.326000000000001
0.026434900000000001 -0.13370000000000001 0.054870700000000001 -0.092169100000000004 -0.189113 0.15049699999999999 0 0 0.025081300000000001
0.014963799999999999 0 -0.13900799999999999 -0.041696999999999998 0.0070094500000000004 0.41586099999999998 0 0 0
0.00243567 -0.012460000000000001 -0.00029190100000000001 0.0026960999999999999 0.0028079200000000002 9.9999999999999995e-07 0 0 0.000126792
-1.6053699999999998e-05 0 4.9494299999999998e-05 1.6593600000000001e-07 0 0 0 0 0
0.0036804899999999998 -0.019300000000000001 -0.00158347 0.00215658 0.00206777 -0.00056308400000000005 0 1.0000000000000001e-05 0.0018776999999999999
-0.00227713 -0.059999999999999998 0.074805499999999997 0.055451300000000002 -0.105999 0.046573000000000003 0 0 0
0.0059519799999999999 -0.002 -0.0306407 -0.0024100800000000002 -0.023048300000000001 0.101345 0 0 0
0.00039821399999999998 0.058779999999999999 -0.089354199999999995 0.15068899999999999 0.061570800000000002 0 0 0 -0.0255401
0.0018182199999999999 0 0.043937200000000003 0.038959599999999997 0.029319899999999999 0 0 0 -0.0010093599999999999
-187.69499999999999 92.269999999999996 200.096 19.105499999999999 190.608 0 0 0 -180
0.0087737900000000001 0 0.302948 0.25081500000000001 0.035996800000000002 0 0 0 0
-0.0019891599999999998 0 -0.13896500000000001 0.040706399999999997 -0.025712700000000002 0 0 0 0
-93.455100000000002 0 106.974 106.389 89.386499999999998 0 0 0 0
-0.13610700000000001 0.3301 -1.28206 0.247222 0.0910995 0.14607999999999999 0 0.001 -0.11442099999999999
-0.0132581 0.1045 0.026755999999999999 -0.010290000000000001 0.097691600000000003 0 0 0 0
-0.0002107 0 0.0016053300000000001 -0.00124014 0.0018063899999999999 -0.0021345800000000001 0 0 0.0020117899999999998
-5.6779999999999999 -14.77 -188.25800000000001 1.5631699999999999 -200.511 0 0 1 1
-0.015355499999999999 -0.090649999999999994 0.081545500000000007 -0.00513876 0.0404003 0 0 0.001 0.001
-187.96100000000001 -72 688.81899999999996 71.541799999999995 101.58499999999999 0 0 180 180
-0.103273 0.2094 -0.018051500000000002 -0.018407 0.130583 0.23471600000000001 0 0 -0.23474600000000001
-0.00132956 0.028299999999999999 -0.0046113300000000003 -0.023082499999999999 -0.00149804 0 0 0 0
-0.00022001099999999999 0 0.00091589899999999997 0.00074792499999999998 -0.0012339199999999999 -0.00480781 0 0 -0.000209631
-0.0066833700000000001 0.085709999999999995 -0.0036382699999999999 0.054502700000000001 0 0 0 0 0
0.0135449 -0.024750000000000001 -0.031971399999999997 -0.011644699999999999 0 0 0 0 0
-0.105749 0.38300000000000001 0.24895200000000001 -0.055378700000000003 0.052680100000000001 -0.083837900000000007 0 0 -0.0135794
0.0060648999999999998 0.029409999999999999 -0.027750899999999998 -0.058286400000000002 0.017274000000000001 0 0 0 0
9.1836199999999993e-05 0 -0.00080968800000000003 -0.0029228700000000002 -0.00067786699999999997 -0.00058949399999999998 0 0 0.0022209299999999999
0.00052797900000000004 -0.0039740000000000001 -0.0016654700000000001 0.0022926299999999999 0 0 0 0 0
0.0010427500000000001 0.043560000000000001 -0.072650400000000004 0.0089408999999999999 0 0 0 0 0
-0.0039201799999999997 0 0.043947199999999999 0.034170399999999997 -0.0184764 -0.039444600000000003 0 0 0.0001
0.0016966500000000001 0 -0.00361277 -0.00617922 0 0 0 0 0
0.0062657700000000004 0 -0.050992599999999999 0.0149453 0.000147694 -0.0261704 0 0 0.0001
0.00314796 0 0.0029027100000000002 -0.0029870999999999999 0 0 0 0 0
-0.00011336399999999999 0 0.00195706 0.0038746100000000001 -0.0062786300000000003 0 0 0 0
0.0011084700000000001 0 -0.0045033900000000003 -0.00105064 -0.0051844400000000002 0 0 0 0
-0.00101924 0 0 0.0067362899999999998 0 -0.019457700000000001 0 0 0
-0.00089580699999999998 0 0 0.00170177 0 -0.0013374999999999999 0 0 0
-0.00048526599999999999 0 -0.0095002699999999999 -0.0059704399999999996 -0.0026784000000000001 0 0 0 0
-0.00103721 0 -0.015611699999999999 -0.0038108299999999999 -0.0113563 0 0 0 0
-0.0042179599999999998 0 0.011407799999999999 0.036855600000000002 -0.0118288 0 0 0 0
0.000418143 0 0.0038967899999999998 0.0021353000000000001 0.0034847599999999999 0 0 0 0
-0.00085393999999999997 0 9.9999999999999995e-07 0.026369500000000001 0.0035471999999999999 0 0 0 0
-0.000639439 0 9.9999999999999995e-07 0.0043304399999999996 -0.0049820300000000001 0 0 0 0
2.2712299999999999e-05 0 9.9999999999999995e-07 0.00057711299999999997 -0.00061802099999999996 0 0 0 0
-0.00301549 0 9.9999999999999995e-07 0.0300792 -0.016792000000000001 0 0 0 0
0.0012268100000000001 0 9.9999999999999995e-07 -0.0023914800000000001 -0.0015537000000000001 0 0 0 0
0.00017613500000000001 0 9.9999999999999995e-07 -0.00106452 -0.0011912299999999999 0 0 0 0
-0.0042904299999999996 0 9.9999999999999995e-07 0.0151889 0.024106900000000001 0 0 0 0
0.0026913900000000001 0 9.9999999999999995e-07 -0.0069416299999999998 -0.00370215 0 0 0 0
-0.00229321 0 9.9999999999999995e-07 0.0038221000000000002 0.0029794499999999998 0 0 0 0
0.0014334300000000001 0 9.9999999999999995e-07 9.9999999999999995e-07 9.9999999999999995e-07 0 0 0 0
-0.00048477900000000002 0 9.9999999999999995e-07 9.9999999999999995e-07 9.9999999999999995e-07 0 0 0 0
0.00555588 0 9.9999999999999995e-07 -0.025361399999999999 0.013209800000000001 0 0 0 0
-0.0051398800000000003 0 9.9999999999999995e-07 0.0133384 0.0145519 0 0 0 0
0.0019681500000000001 0 9.9999999999999995e-07 -0.0091138499999999997 0.0066562499999999998 0 0 0 0
-0.00063002499999999999 0 9.9999999999999995e-07 9.9999999999999995e-07 9.9999999999999995e-07 0 0 0 0
0.00016380100000000001 0 9.9999999999999995e-07 9.9999999999999995e-07 9.9999999999999995e-07 0 0 0 0
-7.4129599999999996e-05 0 0.00064327700000000004 -0.00012196700000000001 4.9722899999999998e-05 0 0 0 0
-0.00034871099999999998 0 -0.00107244 0.0024002899999999998 0.014652500000000001 0 0 0 0
9.9999999999999995e-07 0 9.9999999999999995e-07 0.00051984600000000002 0.00279416 0 0 0 0
9.9999999999999995e-07 0 9.9999999999999995e-07 9.9999999999999995e-07 9.9999999999999995e-07 0 0 0 0
-3.1574800000000001e-06 0 -3.0000000000000001e-06 3.3033000000000002e-06 -3.0000000000000001e-06 0 0 0 0
0.034723299999999999 0 -0.11909599999999999 -0.082953200000000005 0.114985 0 0 0 0
0.0050322800000000001 0 -0.042178399999999998 -0.028891900000000002 0.0166578 0 0 0 0
9.9999999999999995e-07 0 0 0 0 0 0 0 0
9.9999999999999995e-07 0 9.9999999999999995e-07 9.9999999999999995e-07 9.9999999999999995e-07 0 0 0 0
9.9999999999999995e-07 0 9.9999999999999995e-07 9.9999999999999995e-07 9.9999999999999995e-07 0 0 0 0
-9.2890500000000005e-06 0 -6.7590700000000005e-07 0 0 0 0 0 0
9.9999999999999995e-07 0 9.9999999999999995e-07 9.9999999999999995e-07 9.9999999999999995e-07 0 0 0 0
2.5789400000000001e-05 0 0 4.4000000000000002e-07 0 0 0 0 0
1.5492799999999998e-05 0 0 4.4000000000000002e-07 0 0 0 0 0
9.9999999999999995e-07 0 9.9999999999999995e-07 9.9999999999999995e-07 9.9999999999999995e-07 0 0 0 0
0.00089062699999999996 0 -0.0243775 -0.018660199999999998 -0.022459300000000001 0 0 0 0
2.2335299999999999e-05 0 9.9999999999999995e-08 1.1999999999999999e-07 9.9999999999999995e-08 0 0 0 0
1.2534900000000001e-06 0 0 2.4999999999999999e-07 0 0 0 0 0
0.0074894499999999999 0 -0.027872000000000001 -0.027840199999999999 0 0 0 0 0
0.0047747900000000001 0 -0.026781900000000001 -0.0172461 0 0 0 0 0
-1.73461e-05 0 0 2.4999999999999999e-07 0 0 0 0 0
0 0 0 0 0 0 0 0 0
0 0 0 0 0 0 0 0 0
0 0 0 0 0 0 0 0 0
0.00020010699999999999 0 0 -0.00033258099999999998 0 0 0 0 0
0 0 0 0 0 0 0 0 0
9.7207799999999994e-05 0 0 0.00157971 -0.0014910399999999999 0 0 0 0
0 0 0.000120493 -6.9106899999999994e-05 0 0 0 0 0
0 0 0 -0.000146532 0 0 0 0 0
0 0 0 0 0 0 0 0 0
0 0 0 0 0 0 0 0 0
1.2037200000000001e-05 0 0.00021471500000000001 0.00013717300000000001 -0.00048610100000000001 0 0 0 0
3.9944899999999998e-05 0 -0.00053033099999999999 -0.000176193 0.000258965 0 0 0 0
0 0 0 0 0 0 0 0 0
0 0 0 0 0 0 0 0 0
0 0 0 0 0 0 0 0 0
0 0 0 0 0 0 0 0 0
0 0 0 0 0 0 0 0 0
