# DTM2020_F107_coeffs_init (operational, F10.7/Kp) -- exported by refgen/atmos_drag_coeffs.m (%.17g)
# 96 rows (term index 1..96), 9 columns: tt h he o az2 o2 az t0 tp
1052.9300000000001 176100 25773500 53789200000 290891000000 23692800000 0 380 16.442900000000002
0.020065900000000001 -0.13370000000000001 0.164553 -0.074158100000000005 -0.100827 0.087395700000000007 0 0 0
0.021147200000000001 0 -0.18118699999999999 -0.078199199999999996 0.035395599999999999 0.456673 0 0 0
0.0025831999999999999 -0.012460000000000001 -0.0013199500000000001 -7.4238600000000004e-05 0.00116777 9.9999999999999995e-07 0 0 9.9999999999999995e-07
-2.1163300000000001e-05 0 2.5222e-05 8.1769100000000003e-06 0 0 0 0 0
0.0036592899999999999 -0.019300000000000001 0.0010687699999999999 0.00335528 0.00128981 -0.00061103000000000004 0 1.0000000000000001e-05 0.00185717
0.0016048099999999999 -0.059999999999999998 0.071664500000000006 0.024671100000000001 -0.066676600000000003 0.047496700000000003 0 0 0
0.0084841499999999993 -0.002 -0.0608186 -0.033197200000000003 0.0133578 0.102342 0 0 0
-0.0104108 0.058779999999999999 -0.051218399999999997 0.13142499999999999 0.0231817 0 0 0 0
-0.0017771799999999999 0 0.056986200000000001 0.018944900000000001 0.0043333900000000003 0 0 0 0
-190.95099999999999 92.269999999999996 200.096 19.105499999999999 225.54400000000001 0 0 0 0
0.0019697500000000001 0 0.29696899999999998 0.24299799999999999 0.061367600000000001 0 0 0 0
-0.00268141 0 -0.16709299999999999 0.0150759 -0.0061428699999999999 0 0 0 0
-130.958 0 104.20999999999999 106.389 111.34999999999999 0 0 0 0
-0.13509499999999999 0.3301 -0.982823 0.30548900000000001 0.095316499999999998 0.15166199999999999 0 0.001 -0.116519
-0.031369599999999997 0.1045 0.0111057 0.0300331 -0.031427299999999998 0 0 0 0
0.00026519 0 0.00767579 -0.0043334699999999999 0.0021889399999999999 -0.00171025 0 0 0.00209962
-3.0425 -14.77 -188.25800000000001 3.11944 -200.511 0 0 1 1
-0.0088702 -0.090649999999999994 -0.0011718500000000001 -0.021762400000000001 0.00310947 0 0 0.001 0.001
-168.34299999999999 -72 -216.70599999999999 135.77000000000001 59.456400000000002 0 0 180 180
-0.108846 0.2094 -0.076440400000000006 -0.068084199999999997 0.169652 0.25439299999999998 0 0 -0.17266699999999999
-0.00088255600000000005 0.028299999999999999 -0.0056365399999999998 -0.023082499999999999 -0.00149804 0 0 0 0
-0.000279175 0 0.00061804700000000004 0.00035485399999999999 0.0010500399999999999 -0.0036058800000000001 0 0 -8.5035200000000002e-05
-0.0086076599999999996 0.085709999999999995 -0.0036382699999999999 0.079454999999999998 0 0 0 0 0
0.011589 -0.024750000000000001 -0.031971399999999997 0.0024677599999999998 0 0 0 0 0
-0.110633 0.38300000000000001 0.28234100000000001 -0.030022299999999998 0.063951099999999997 -0.076356099999999996 0 0 -0.023897100000000001
0.0054625200000000002 0.029409999999999999 -0.0130289 -0.058286400000000002 0.017274000000000001 0 0 0 0
-5.64593e-06 0 -0.00080385099999999996 -0.0035235399999999999 -0.0031353399999999999 -0.00072294700000000004 0 0 0.0033562100000000001
-0.000879344 -0.0039740000000000001 -0.0016654700000000001 0.0022926299999999999 0 0 0 0 0
0.00038054199999999999 0.043560000000000001 -0.072650400000000004 0.013213000000000001 0 0 0 0 0
-0.0034716500000000002 0 0.064757099999999998 0.028631400000000001 -0.0046806199999999999 -0.018720400000000002 0 0 0.0001
0.0018096900000000001 0 -0.00361277 -0.00617922 0 0 0 0 0
0.0060340300000000001 0 -0.0268814 0.012321199999999999 0.0075386300000000002 -0.0275812 0 0 0.0001
0.0037064200000000002 0 0.0029027100000000002 -0.0029870999999999999 0 0 0 0 0
0.00023298399999999999 0 0.00195706 0.0025863100000000001 -0.0050274300000000003 0 0 0 0
0.00161126 0 -0.0045033900000000003 -0.0033783200000000002 0.00056523900000000004 0 0 0 0
-0.00097843699999999997 0 0 0.0067362899999999998 0 -0.0222404 0 0 0
-0.00122915 0 0 0.00170177 0 -0.0013439999999999999 0 0 0
0 0 0.00095883600000000002 -0.00137295 0 0 0 0 0
-0.0092053499999999993 0 9.9999999999999995e-07 0.045757100000000002 -0.0139168 0 0 0 0
0.0064282999999999996 0 9.9999999999999995e-07 -0.0181259 0.020774999999999998 0 0 0 0
9.9999999999999995e-07 0 9.9999999999999995e-07 9.9999999999999995e-07 9.9999999999999995e-07 0 0 0 0
0.0020381100000000001 0 9.9999999999999995e-07 0.013224 0.0035471999999999999 0 0 0 0
-0.000639439 0 9.9999999999999995e-07 0.0043304399999999996 -0.0049820300000000001 0 0 0 0
2.2712299999999999e-05 0 9.9999999999999995e-07 0.00057711299999999997 -0.00061802099999999996 0 0 0 0
-0.0062047700000000001 0 9.9999999999999995e-07 0.041565299999999999 -0.016792000000000001 0 0 0 0
0.0012268100000000001 0 9.9999999999999995e-07 -0.0023914800000000001 -0.0015537000000000001 0 0 0 0
0.00017613500000000001 0 9.9999999999999995e-07 -0.00106452 -0.0011912299999999999 0 0 0 0
-0.00450432 0 9.9999999999999995e-07 0.0151889 0.024106900000000001 0 0 0 0
0.00308939 0 9.9999999999999995e-07 -0.0069416299999999998 -0.00370215 0 0 0 0
-0.0024849099999999999 0 9.9999999999999995e-07 0.0038221000000000002 0.0029794499999999998 0 0 0 0
9.9999999999999995e-07 0 9.9999999999999995e-07 9.9999999999999995e-07 9.9999999999999995e-07 0 0 0 0
9.9999999999999995e-07 0 9.9999999999999995e-07 9.9999999999999995e-07 9.9999999999999995e-07 0 0 0 0
0.0051590899999999999 0 9.9999999999999995e-07 -0.025361399999999999 0.013209800000000001 0 0 0 0
-0.0058224399999999999 0 9.9999999999999995e-07 0.0133384 0.0145519 0 0 0 0
0.0018321500000000001 0 9.9999999999999995e-07 -0.0091138499999999997 0.0066562499999999998 0 0 0 0
9.9999999999999995e-07 0 9.9999999999999995e-07 9.9999999999999995e-07 9.9999999999999995e-07 0 0 0 0
9.9999999999999995e-07 0 9.9999999999999995e-07 9.9999999999999995e-07 9.9999999999999995e-07 0 0 0 0
0 0 0 -2.54598e-05 0 0 0 0 0
0.00044590400000000001 0 -0.00678125 -0.00068718999999999996 0.0101659 0 0 0 0
0.00029266600000000002 0 9.9999999999999995e-07 0.00051984600000000002 0.00279416 0 0 0 0
9.9999999999999995e-07 0 9.9999999999999995e-07 9.9999999999999995e-07 9.9999999999999995e-07 0 0 0 0
-3.1574800000000001e-06 0 -3.0000000000000001e-06 3.3033000000000002e-06 -3.0000000000000001e-06 0 0 0 0
0.030949899999999999 0 -0.12531600000000001 -0.076366799999999999 0.069557300000000002 0 0 0 0
0.0025439299999999998 0 9.9999999999999995e-07 -0.011912900000000001 9.9999999999999995e-07 0 0 0 0
9.9999999999999995e-07 0 9.9999999999999995e-07 9.9999999999999995e-07 9.9999999999999995e-07 0 0 0 0
9.9999999999999995e-07 0 9.9999999999999995e-07 9.9999999999999995e-07 9.9999999999999995e-07 0 0 0 0
9.9999999999999995e-07 0 9.9999999999999995e-07 9.9999999999999995e-07 9.9999999999999995e-07 0 0 0 0
-1.3644399999999999e-05 0 4.3623799999999999e-07 0 0 0 0 0 0
0 0 0 0 0 0 0 0 0
0 0 0 0 0 0 0 0 0
9.9999999999999995e-07 0 9.9999999999999995e-07 9.9999999999999995e-07 9.9999999999999995e-07 0 0 0 0
9.9999999999999995e-07 0 9.9999999999999995e-07 9.9999999999999995e-07 9.9999999999999995e-07 0 0 0 0
0.00090191499999999999 0 -0.0243775 -0.018660199999999998 -0.022459300000000001 0 0 0 0
3.2753199999999997e-05 0 -4.46078e-06 2.29275e-05 1.6658099999999999e-05 0 0 0 0
9.9999999999999995e-07 0 9.9999999999999995e-07 9.9999999999999995e-07 9.9999999999999995e-07 0 0 0 0
0.0069239799999999997 0 -0.027872000000000001 -0.027840199999999999 0 0 0 0 0
0.0043960099999999997 0 -0.026781900000000001 -0.0172461 0 0 0 0 0
0.0026729200000000001 0 -0.010424900000000001 0.00359612 0 0 0 0 0
0 0 0 0 0 0 0 0 0
0 0 0 0 0 0 0 0 0
0 0 0 0 0 0 0 0 0
0.00010464 0 0 -0.00033258099999999998 0 0 0 0 0
0 0 0 0 0 0 0 0 0
0.00020565399999999999 0 -0.00035190999999999998 0.00052653300000000004 -0.00056051199999999999 0 0 0 0
0 0 0 0 0 0 0 0 0
0 0 0 -0.000146532 0 0 0 0 0
0 0 0 0 0 0 0 0 0
0 0 0 0 0 0 0 0 0
1.5702700000000001e-05 0 0.00021471500000000001 0.00013717300000000001 -0.00030512999999999997 0 0 0 0
3.4527999999999999e-05 0 -0.00053033099999999999 -0.000176193 1.2143800000000001e-05 0 0 0 0
0 0 0 0 0 0 0 0 0
0 0 0 0 0 0 0 0 0
0 0 0 0 0 0 0 0 0
0 0 0 0 0 0 0 0 0
0 0 0 0 0 0 0 0 0
